[gd_scene load_steps=2 format=3 uid="uid://wim6tygryj3n"]

[ext_resource type="PackedScene" uid="uid://c5e1vbsxujqnc" path="res://wall.tscn" id="1_ktate"]

[node name="walls" type="Node3D"]
transform = Transform3D(1, 0, 0, 0, 1, 0, 0, 0, 1, 0, 0.398415, 0)

[node name="Wall" parent="." instance=ExtResource("1_ktate")]
transform = Transform3D(1, 0, 0, 0, 1, 0, 0, 0, 1, 2, 0, 14)

[node name="Wall2" parent="." instance=ExtResource("1_ktate")]
transform = Transform3D(0.732305, 0, 0.680977, 0, 1, 0, -0.680977, 0, 0.732305, 10.6868, 0, 10.6277)

[node name="Wall3" parent="." instance=ExtResource("1_ktate")]
transform = Transform3D(-0.0100355, 0, 0.99995, 0, 1, 0, -0.99995, 0, -0.0100355, 14.3332, 0, 2.15538)

[node name="Wall4" parent="." instance=ExtResource("1_ktate")]
transform = Transform3D(-0.776893, 0, -0.629632, 0, 1, 0, 0.629632, 0, -0.776893, 11.3936, 0, -13.3179)

[node name="Wall9" parent="." instance=ExtResource("1_ktate")]
transform = Transform3D(-0.776893, 0, -0.629632, 0, 1, 0, 0.629632, 0, -0.776893, 18.1993, 0, -6.04391)

[node name="Wall10" parent="." instance=ExtResource("1_ktate")]
transform = Transform3D(-0.993814, 0, -0.111053, 0, 1, 0, 0.111053, 0, -0.993814, 27.1024, 0, -9.74447)

[node name="Wall33" parent="." instance=ExtResource("1_ktate")]
transform = Transform3D(0.977287, 0, -0.211922, 0, 1, 0, 0.211922, 0, 0.977287, 37.016, 0, -9.28836)

[node name="Wall34" parent="." instance=ExtResource("1_ktate")]
transform = Transform3D(-0.441709, 0, 0.897158, 0, 1, 0, -0.897158, 0, -0.441709, 44.1541, 0, -3.7005)

[node name="Wall35" parent="." instance=ExtResource("1_ktate")]
transform = Transform3D(0.112059, 0, 0.993702, 0, 1, 0, -0.993702, 0, 0.112059, 45.7886, 0, 5.80142)

[node name="Wall36" parent="." instance=ExtResource("1_ktate")]
transform = Transform3D(0.998475, 0, -0.0552117, 0, 1, 0, 0.0552117, 0, 0.998475, 50.385, 0, 10.9963)

[node name="Wall37" parent="." instance=ExtResource("1_ktate")]
transform = Transform3D(0.999648, 0, 0.0265432, 0, 1, 0, -0.0265432, 0, 0.999648, 60.4494, 0, 11.0648)

[node name="Wall38" parent="." instance=ExtResource("1_ktate")]
transform = Transform3D(0.979959, 0, 0.199197, 0, 1, 0, -0.199197, 0, 0.979959, 70.3805, 0.0390244, 9.88748)

[node name="Wall39" parent="." instance=ExtResource("1_ktate")]
transform = Transform3D(0.96041, 0, 0.278589, 0, 1, 0, -0.278589, 0, 0.96041, 80.1348, 0.0390244, 7.40746)

[node name="Wall40" parent="." instance=ExtResource("1_ktate")]
transform = Transform3D(0.842997, 0, 0.537917, 0, 1, 0, -0.537917, 0, 0.842997, 89.1271, 0, 3.2829)

[node name="Wall41" parent="." instance=ExtResource("1_ktate")]
transform = Transform3D(0.796234, 0, 0.604988, 0, 1, 0, -0.604988, 0, 0.796234, 97.3395, 0, -2.53549)

[node name="Wall42" parent="." instance=ExtResource("1_ktate")]
transform = Transform3D(0.67948, 0, 0.733694, 0, 1, 0, -0.733694, 0, 0.67948, 104.717, 0.0390244, -9.28764)

[node name="Wall43" parent="." instance=ExtResource("1_ktate")]
transform = Transform3D(0.617269, 0, 0.786752, 0, 1, 0, -0.786752, 0, 0.617269, 111.19, 0.0390244, -16.9944)

[node name="Wall44" parent="." instance=ExtResource("1_ktate")]
transform = Transform3D(0.338147, 0, 0.941093, 0, 1, 0, -0.941093, 0, 0.338147, 115.974, 0, -25.5745)

[node name="Wall45" parent="." instance=ExtResource("1_ktate")]
transform = Transform3D(0.260134, 0, 0.965572, 0, 1, 0, -0.965572, 0, 0.260134, 118.915, 0, -35.1999)

[node name="Wall46" parent="." instance=ExtResource("1_ktate")]
transform = Transform3D(0.089051, 0, 0.996027, 0, 1, 0, -0.996027, 0, 0.089051, 120.624, 0.0390244, -45.0535)

[node name="Wall47" parent="." instance=ExtResource("1_ktate")]
transform = Transform3D(0.00738287, 0, 0.999973, 0, 1, 0, -0.999973, 0, 0.00738287, 121.033, 0.0390244, -55.1097)

[node name="Wall48" parent="." instance=ExtResource("1_ktate")]
transform = Transform3D(-0.274681, 0, 0.961535, 0, 1, 0, -0.961535, 0, -0.274681, 119.65, 0, -64.9056)

[node name="Wall49" parent="." instance=ExtResource("1_ktate")]
transform = Transform3D(-0.352315, 0, 0.935881, 0, 1, 0, -0.935881, 0, -0.352315, 116.42, 0, -74.4379)

[node name="Wall50" parent="." instance=ExtResource("1_ktate")]
transform = Transform3D(-0.99208, 0, -0.12561, 0, 1, 0, 0.12561, 0, -0.99208, 114.501, 0.0390234, -88.3494)

[node name="Wall66" parent="." instance=ExtResource("1_ktate")]
transform = Transform3D(-0.781738, 0, 0.623607, 0, 1, 0, -0.623607, 0, -0.781738, 123.341, 0.0390234, -85.8046)

[node name="Wall67" parent="." instance=ExtResource("1_ktate")]
transform = Transform3D(-0.242514, 0, 0.970148, 0, 1, 0, -0.970148, 0, -0.242514, 128.489, 0.0390244, -77.8775)

[node name="Wall78" parent="." instance=ExtResource("1_ktate")]
transform = Transform3D(-0.479105, 0, 0.877758, 0, 1, 0, -0.877758, 0, -0.479105, 131.95, 0.0390234, -68.4948)

[node name="Wall76" parent="." instance=ExtResource("1_ktate")]
transform = Transform3D(-0.904679, 0, 0.426095, 0, 1, 0, -0.426095, 0, -0.904679, 122.754, 0.0390234, -67.6157)

[node name="Wall77" parent="." instance=ExtResource("1_ktate")]
transform = Transform3D(-0.466525, 0, 0.884508, 0, 1, 0, -0.884508, 0, -0.466525, 129.73, 0.0390244, -61.0353)

[node name="Wall79" parent="." instance=ExtResource("1_ktate")]
transform = Transform3D(-0.465166, 0, 0.885223, 0, 1, 0, -0.885223, 0, -0.465166, 136.73, 0.0390215, -59.6405)

[node name="Wall80" parent="." instance=ExtResource("1_ktate")]
transform = Transform3D(-0.466525, 0, 0.884508, 0, 1, 0, -0.884508, 0, -0.466525, 134.398, 0.0390244, -52.1656)

[node name="Wall81" parent="." instance=ExtResource("1_ktate")]
transform = Transform3D(-0.479105, 0, 0.877758, 0, 1, 0, -0.877758, 0, -0.479105, 141.454, 0.0390234, -50.7184)

[node name="Wall82" parent="." instance=ExtResource("1_ktate")]
transform = Transform3D(-0.466525, 0, 0.884508, 0, 1, 0, -0.884508, 0, -0.466525, 139.234, 0.0390244, -43.2589)

[node name="Wall83" parent="." instance=ExtResource("1_ktate")]
transform = Transform3D(-0.465166, 0, 0.885223, 0, 1, 0, -0.885223, 0, -0.465166, 146.234, 0.0390215, -41.8641)

[node name="Wall86" parent="." instance=ExtResource("1_ktate")]
transform = Transform3D(-0.885831, 0, 0.464008, 0, 1, 0, -0.464008, 0, -0.885831, 152.95, 0.0390215, -35.015)

[node name="Wall87" parent="." instance=ExtResource("1_ktate")]
transform = Transform3D(-0.471212, 0, 0.88202, 0, 1, 0, -0.88202, 0, -0.471212, 159.716, 0.0390215, -28.2142)

[node name="Wall88" parent="." instance=ExtResource("1_ktate")]
transform = Transform3D(-0.341676, 0, 0.939818, 0, 1, 0, -0.939818, 0, -0.341676, 163.751, 0.0390215, -18.8946)

[node name="Wall90" parent="." instance=ExtResource("1_ktate")]
transform = Transform3D(-0.0289159, 0, 0.999582, 0, 1, 0, -0.999582, 0, -0.0289159, 165.617, 0.0390215, -9.06942)

[node name="Wall91" parent="." instance=ExtResource("1_ktate")]
transform = Transform3D(0.0899201, 0, 0.995949, 0, 1, 0, -0.995949, 0, 0.0899201, 153.799, 0.0390215, -8.4164)

[node name="Wall92" parent="." instance=ExtResource("1_ktate")]
transform = Transform3D(0.721301, 0, 0.692622, 0, 1, 0, -0.692622, 0, 0.721301, 149.774, 0.0390215, 0.122157)

[node name="Wall93" parent="." instance=ExtResource("1_ktate")]
transform = Transform3D(0.832486, 0, 0.554046, 0, 1, 0, -0.554046, 0, 0.832486, 161.51, 0.0390215, -1.64693)

[node name="Wall94" parent="." instance=ExtResource("1_ktate")]
transform = Transform3D(0.488164, 0, 0.872752, 0, 1, 0, -0.872752, 0, 0.488164, 154.961, 0.0390215, 5.70548)

[node name="Wall95" parent="." instance=ExtResource("1_ktate")]
transform = Transform3D(0.721301, 0, 0.692622, 0, 1, 0, -0.692622, 0, 0.721301, 142.516, 0.0390215, 7.16958)

[node name="Wall96" parent="." instance=ExtResource("1_ktate")]
transform = Transform3D(0.999794, 0, -0.0202794, 0, 1, 0, 0.0202794, 0, 0.999794, 133.856, 0.0390215, 10.5443)

[node name="Wall97" parent="." instance=ExtResource("1_ktate")]
transform = Transform3D(0.970976, 0, 0.239177, 0, 1, 0, -0.239177, 0, 0.970976, 123.955, 0.0390215, 11.6598)

[node name="Wall98" parent="." instance=ExtResource("1_ktate")]
transform = Transform3D(0.875987, 0, 0.482335, 0, 1, 0, -0.482335, 0, 0.875987, 114.749, 0.0390215, 15.3053)

[node name="Wall99" parent="." instance=ExtResource("1_ktate")]
transform = Transform3D(0.721301, 0, 0.692622, 0, 1, 0, -0.692622, 0, 0.721301, 106.734, 0.0390215, 21.2214)

[node name="Wall100" parent="." instance=ExtResource("1_ktate")]
transform = Transform3D(0.51746, 0, 0.855708, 0, 1, 0, -0.855708, 0, 0.51746, 100.428, 0.0390215, 28.9665)

[node name="Wall101" parent="." instance=ExtResource("1_ktate")]
transform = Transform3D(0.278354, 0, 0.960479, 0, 1, 0, -0.960479, 0, 0.278354, 96.4435, 0.0390215, 38.0979)

[node name="Wall102" parent="." instance=ExtResource("1_ktate")]
transform = Transform3D(0.0202794, 0, 0.999794, 0, 1, 0, -0.999794, 0, 0.0202794, 94.9976, 0.0390215, 47.8933)

[node name="Wall103" parent="." instance=ExtResource("1_ktate")]
transform = Transform3D(-0.239177, 0, 0.970976, 0, 1, 0, -0.970976, 0, -0.239177, 96.1131, 0.0390215, 57.7933)

[node name="Wall104" parent="." instance=ExtResource("1_ktate")]
transform = Transform3D(-0.482335, 0, 0.875987, 0, 1, 0, -0.875987, 0, -0.482335, 99.9002, 0.0390215, 67.4459)

[node name="Wall105" parent="." instance=ExtResource("1_ktate")]
transform = Transform3D(-0.692622, 0, 0.721301, 0, 1, 0, -0.721301, 0, -0.692622, 105.816, 0.0390215, 75.4618)

[node name="Wall106" parent="." instance=ExtResource("1_ktate")]
transform = Transform3D(-0.470858, 0, -0.882209, 0, 1, 0, 0.882209, 0, -0.470858, 115.414, 0.0390215, 88.4217)

[node name="Wall125" parent="." instance=ExtResource("1_ktate")]
transform = Transform3D(-0.470858, 0, -0.882209, 0, 1, 0, 0.882209, 0, -0.470858, 102.274, 0.0390215, 92.5098)

[node name="Wall123" parent="." instance=ExtResource("1_ktate")]
transform = Transform3D(0.882209, 0, -0.470858, 0, 1, 0, 0.470858, 0, 0.882209, 117.633, 0.0390215, 95.0794)

[node name="Wall124" parent="." instance=ExtResource("1_ktate")]
transform = Transform3D(0.882209, 0, -0.470858, 0, 1, 0, 0.470858, 0, 0.882209, 104.376, 0.0390215, 99.2843)

[node name="Wall126" parent="." instance=ExtResource("1_ktate")]
transform = Transform3D(0.882209, 0, -0.470858, 0, 1, 0, 0.470858, 0, 0.882209, 113.195, 0.0390215, 103.956)

[node name="Wall127" parent="." instance=ExtResource("1_ktate")]
transform = Transform3D(0.882209, 0, -0.470858, 0, 1, 0, 0.470858, 0, 0.882209, 126.51, 0.0390215, 99.8683)

[node name="Wall128" parent="." instance=ExtResource("1_ktate")]
transform = Transform3D(0.882209, 0, -0.470858, 0, 1, 0, 0.470858, 0, 0.882209, 122.072, 0.0390215, 108.745)

[node name="Wall129" parent="." instance=ExtResource("1_ktate")]
transform = Transform3D(0.882209, 0, -0.470858, 0, 1, 0, 0.470858, 0, 0.882209, 135.27, 0.0390215, 104.599)

[node name="Wall133" parent="." instance=ExtResource("1_ktate")]
transform = Transform3D(-0.470858, 0, -0.882209, 0, 1, 0, 0.882209, 0, -0.470858, 159.631, 0.0390215, 120.943)

[node name="Wall172" parent="." instance=ExtResource("1_ktate")]
transform = Transform3D(-0.882209, 0, 0.470858, 0, 1, 0, -0.470858, 0, -0.882209, 161.734, 0.0390215, 127.802)

[node name="Wall173" parent="." instance=ExtResource("1_ktate")]
transform = Transform3D(0.470858, 0, 0.882209, 0, 1, 0, -0.882209, 0, 0.470858, 168.443, 0.0390215, 125.75)

[node name="Wall174" parent="." instance=ExtResource("1_ktate")]
transform = Transform3D(0.882209, 0, -0.470858, 0, 1, 0, 0.470858, 0, 0.882209, 166.34, 0.0390215, 118.89)

[node name="Wall175" parent="." instance=ExtResource("1_ktate")]
transform = Transform3D(-0.470858, 0, -0.882209, 0, 1, 0, 0.882209, 0, -0.470858, 197.928, 0.0390215, 108.469)

[node name="Wall176" parent="." instance=ExtResource("1_ktate")]
transform = Transform3D(-0.882209, 0, 0.470858, 0, 1, 0, -0.470858, 0, -0.882209, 200.031, 0.0390215, 115.328)

[node name="Wall177" parent="." instance=ExtResource("1_ktate")]
transform = Transform3D(0.470858, 0, 0.882209, 0, 1, 0, -0.882209, 0, 0.470858, 206.74, 0.0390215, 113.275)

[node name="Wall178" parent="." instance=ExtResource("1_ktate")]
transform = Transform3D(0.882209, 0, -0.470858, 0, 1, 0, 0.470858, 0, 0.882209, 204.637, 0.0390215, 106.416)

[node name="Wall179" parent="." instance=ExtResource("1_ktate")]
transform = Transform3D(0.246424, 0, -0.969162, 0, 1, 0, 0.969162, 0, 0.246424, 184.746, 0.0390215, 170.94)

[node name="Wall180" parent="." instance=ExtResource("1_ktate")]
transform = Transform3D(-0.969162, 0, -0.246424, 0, 1, 0, 0.246424, 0, -0.969162, 190.921, 0.0390215, 174.592)

[node name="Wall181" parent="." instance=ExtResource("1_ktate")]
transform = Transform3D(-0.246424, 0, 0.969162, 0, 1, 0, -0.969162, 0, -0.246424, 194.496, 0.0390215, 168.555)

[node name="Wall182" parent="." instance=ExtResource("1_ktate")]
transform = Transform3D(0.969162, 0, 0.246424, 0, 1, 0, -0.246424, 0, 0.969162, 188.321, 0.0390215, 164.903)

[node name="Wall183" parent="." instance=ExtResource("1_ktate")]
transform = Transform3D(-0.381329, 0, -0.92444, 0, 1, 0, 0.92444, 0, -0.381329, 219.244, 0.0390215, 146.736)

[node name="Wall184" parent="." instance=ExtResource("1_ktate")]
transform = Transform3D(-0.92444, 0, 0.381329, 0, 1, 0, -0.381329, 0, -0.92444, 222.014, 0.0390215, 153.354)

[node name="Wall185" parent="." instance=ExtResource("1_ktate")]
transform = Transform3D(0.381329, 0, 0.92444, 0, 1, 0, -0.92444, 0, 0.381329, 228.488, 0.0390215, 150.648)

[node name="Wall186" parent="." instance=ExtResource("1_ktate")]
transform = Transform3D(0.924439, 0, -0.381329, 0, 1, 0, 0.381329, 0, 0.924439, 225.717, 0.0390215, 144.03)

[node name="Wall187" parent="." instance=ExtResource("1_ktate")]
transform = Transform3D(-0.381329, 0, -0.92444, 0, 1, 0, 0.92444, 0, -0.381329, 171.571, 0.0390215, 147.372)

[node name="Wall188" parent="." instance=ExtResource("1_ktate")]
transform = Transform3D(-0.92444, 0, 0.381329, 0, 1, 0, -0.381329, 0, -0.92444, 174.342, 0.0390215, 153.99)

[node name="Wall189" parent="." instance=ExtResource("1_ktate")]
transform = Transform3D(0.381329, 0, 0.92444, 0, 1, 0, -0.92444, 0, 0.381329, 180.816, 0.0390215, 151.284)

[node name="Wall190" parent="." instance=ExtResource("1_ktate")]
transform = Transform3D(0.924439, 0, -0.381329, 0, 1, 0, 0.381329, 0, 0.924439, 178.045, 0.0390215, 144.666)

[node name="Wall191" parent="." instance=ExtResource("1_ktate")]
transform = Transform3D(0.724244, 0, -0.689544, 0, 1, 0, 0.689544, 0, 0.724244, 230.315, 0.0390215, 130.015)

[node name="Wall192" parent="." instance=ExtResource("1_ktate")]
transform = Transform3D(-0.689544, 0, -0.724244, 0, 1, 0, 0.724244, 0, -0.689544, 237.487, 0.0390215, 129.822)

[node name="Wall193" parent="." instance=ExtResource("1_ktate")]
transform = Transform3D(-0.724244, 0, 0.689544, 0, 1, 0, -0.689544, 0, -0.724244, 237.302, 0.0390215, 122.808)

[node name="Wall194" parent="." instance=ExtResource("1_ktate")]
transform = Transform3D(0.689544, 0, 0.724244, 0, 1, 0, -0.724244, 0, 0.689544, 230.13, 0.0390215, 123.001)

[node name="Wall195" parent="." instance=ExtResource("1_ktate")]
transform = Transform3D(0.307805, 0, -0.95145, 0, 1, 0, 0.95145, 0, 0.307805, 218.534, 0.0390215, 185.204)

[node name="Wall196" parent="." instance=ExtResource("1_ktate")]
transform = Transform3D(-0.95145, 0, -0.307805, 0, 1, 0, 0.307805, 0, -0.95145, 224.93, 0.0390215, 188.454)

[node name="Wall197" parent="." instance=ExtResource("1_ktate")]
transform = Transform3D(-0.307805, 0, 0.95145, 0, 1, 0, -0.95145, 0, -0.307805, 228.113, 0.0390215, 182.201)

[node name="Wall198" parent="." instance=ExtResource("1_ktate")]
transform = Transform3D(0.95145, 0, 0.307805, 0, 1, 0, -0.307805, 0, 0.95145, 221.716, 0.0390215, 178.951)

[node name="Wall130" parent="." instance=ExtResource("1_ktate")]
transform = Transform3D(0.882209, 0, -0.470858, 0, 1, 0, 0.470858, 0, 0.882209, 130.832, 0.0390215, 113.476)

[node name="Wall131" parent="." instance=ExtResource("1_ktate")]
transform = Transform3D(0.882209, 0, -0.470858, 0, 1, 0, 0.470858, 0, 0.882209, 144.147, 0.0390215, 109.388)

[node name="Wall135" parent="." instance=ExtResource("1_ktate")]
transform = Transform3D(-0.581328, 0, -0.813669, 0, 1, 0, 0.813669, 0, -0.581328, 151.647, 0.0390215, 107.8)

[node name="Wall136" parent="." instance=ExtResource("1_ktate")]
transform = Transform3D(-0.730198, 0, -0.683236, 0, 1, 0, 0.683236, 0, -0.730198, 158.207, 0.0390215, 100.244)

[node name="Wall137" parent="." instance=ExtResource("1_ktate")]
transform = Transform3D(-0.812664, 0, -0.582733, 0, 1, 0, 0.582733, 0, -0.812664, 165.941, 0.0390215, 93.8993)

[node name="Wall134" parent="." instance=ExtResource("1_ktate")]
transform = Transform3D(-0.918115, 0, -0.396315, 0, 1, 0, 0.396315, 0, -0.918115, 174.664, 0.0390215, 89.056)

[node name="Wall138" parent="." instance=ExtResource("1_ktate")]
transform = Transform3D(-0.96177, 0, -0.273858, 0, 1, 0, 0.273858, 0, -0.96177, 184.087, 0.0390215, 85.6977)

[node name="Wall139" parent="." instance=ExtResource("1_ktate")]
transform = Transform3D(-0.996869, 0, -0.079068, 0, 1, 0, 0.079068, 0, -0.996869, 193.927, 0.0390215, 83.8787)

[node name="Wall140" parent="." instance=ExtResource("1_ktate")]
transform = Transform3D(-0.998703, 0, 0.0509242, 0, 1, 0, -0.0509242, 0, -0.998703, 203.93, 0.0390215, 83.7386)

[node name="Wall141" parent="." instance=ExtResource("1_ktate")]
transform = Transform3D(-0.972362, 0, 0.233479, 0, 1, 0, -0.233479, 0, -0.972362, 213.993, 0.0390215, 85.137)

[node name="Wall142" parent="." instance=ExtResource("1_ktate")]
transform = Transform3D(-0.933855, 0, 0.357651, 0, 1, 0, -0.357651, 0, -0.933855, 223.547, 0.0390215, 88.1008)

[node name="Wall143" parent="." instance=ExtResource("1_ktate")]
transform = Transform3D(-0.845122, 0, 0.534574, 0, 1, 0, -0.534574, 0, -0.845122, 232.513, 0.0390215, 92.5467)

[node name="Wall144" parent="." instance=ExtResource("1_ktate")]
transform = Transform3D(-0.76863, 0, 0.639694, 0, 1, 0, -0.639694, 0, -0.76863, 240.601, 0.0390215, 98.4332)

[node name="Wall145" parent="." instance=ExtResource("1_ktate")]
transform = Transform3D(-0.614781, 0, 0.788698, 0, 1, 0, -0.788698, 0, -0.614781, 247.485, 0.0390215, 105.655)

[node name="Wall146" parent="." instance=ExtResource("1_ktate")]
transform = Transform3D(-0.507268, 0, 0.861789, 0, 1, 0, -0.861789, 0, -0.507268, 253.108, 0.0390215, 113.928)

[node name="Wall147" parent="." instance=ExtResource("1_ktate")]
transform = Transform3D(-0.327597, 0, 0.944817, 0, 1, 0, -0.944817, 0, -0.327597, 257.347, 0.0390215, 122.993)

[node name="Wall148" parent="." instance=ExtResource("1_ktate")]
transform = Transform3D(-0.202257, 0, 0.979332, 0, 1, 0, -0.979332, 0, -0.202257, 260.002, 0.0390215, 132.638)

[node name="Wall149" parent="." instance=ExtResource("1_ktate")]
transform = Transform3D(-0.0333297, 0, 0.999444, 0, 1, 0, -0.999444, 0, -0.0333297, 261.156, 0.0390215, 143.096)

[node name="Wall150" parent="." instance=ExtResource("1_ktate")]
transform = Transform3D(0.0966101, 0, 0.995322, 0, 1, 0, -0.995322, 0, 0.0966101, 260.838, 0.0390215, 153.094)

[node name="Wall151" parent="." instance=ExtResource("1_ktate")]
transform = Transform3D(0.956798, 0, -0.290752, 0, 1, 0, 0.290752, 0, 0.956798, 262.325, 0.0390215, 169.1)

[node name="Wall199" parent="." instance=ExtResource("1_ktate")]
transform = Transform3D(0.956798, 0, -0.290752, 0, 1, 0, 0.290752, 0, 0.956798, 265.159, 0.0390215, 159.57)

[node name="Wall200" parent="." instance=ExtResource("1_ktate")]
transform = Transform3D(0.956798, 0, -0.290752, 0, 1, 0, 0.290752, 0, 0.956798, 271.989, 0.0390215, 172.054)

[node name="Wall201" parent="." instance=ExtResource("1_ktate")]
transform = Transform3D(0.956798, 0, -0.290752, 0, 1, 0, 0.290752, 0, 0.956798, 274.822, 0.0390215, 162.524)

[node name="Wall203" parent="." instance=ExtResource("1_ktate")]
transform = Transform3D(0.290752, 0, 0.956798, 0, 1, 0, -0.956798, 0, 0.290752, 290.843, 0.0390215, 162.048)

[node name="Wall205" parent="." instance=ExtResource("1_ktate")]
transform = Transform3D(0.290752, 0, 0.956798, 0, 1, 0, -0.956798, 0, 0.290752, 281.314, 0.0390215, 159.215)

[node name="Wall206" parent="." instance=ExtResource("1_ktate")]
transform = Transform3D(0.290752, 0, 0.956798, 0, 1, 0, -0.956798, 0, 0.290752, 293.8, 0.0390215, 152.434)

[node name="Wall207" parent="." instance=ExtResource("1_ktate")]
transform = Transform3D(0.290752, 0, 0.956798, 0, 1, 0, -0.956798, 0, 0.290752, 284.271, 0.0390215, 149.601)

[node name="Wall208" parent="." instance=ExtResource("1_ktate")]
transform = Transform3D(0.290752, 0, 0.956798, 0, 1, 0, -0.956798, 0, 0.290752, 296.719, 0.0390215, 142.819)

[node name="Wall209" parent="." instance=ExtResource("1_ktate")]
transform = Transform3D(0.290752, 0, 0.956798, 0, 1, 0, -0.956798, 0, 0.290752, 287.19, 0.0390215, 139.986)

[node name="Wall210" parent="." instance=ExtResource("1_ktate")]
transform = Transform3D(0.956798, 0, -0.290752, 0, 1, 0, 0.290752, 0, 0.956798, 300.012, 0.0390215, 149.138)

[node name="Wall250" parent="." instance=ExtResource("1_ktate")]
transform = Transform3D(0.956798, 0, -0.290752, 0, 1, 0, 0.290752, 0, 0.956798, 308.868, 0.0390215, 120.255)

[node name="Wall251" parent="." instance=ExtResource("1_ktate")]
transform = Transform3D(0.956798, 0, -0.290752, 0, 1, 0, 0.290752, 0, 0.956798, 309.549, 0.0390215, 152.067)

[node name="Wall252" parent="." instance=ExtResource("1_ktate")]
transform = Transform3D(0.956798, 0, -0.290752, 0, 1, 0, 0.290752, 0, 0.956798, 318.404, 0.0390215, 123.184)

[node name="Wall253" parent="." instance=ExtResource("1_ktate")]
transform = Transform3D(0.956798, 0, -0.290752, 0, 1, 0, 0.290752, 0, 0.956798, 319.154, 0.0390215, 154.996)

[node name="Wall254" parent="." instance=ExtResource("1_ktate")]
transform = Transform3D(0.956798, 0, -0.290752, 0, 1, 0, 0.290752, 0, 0.956798, 328.009, 0.0390215, 126.113)

[node name="Wall211" parent="." instance=ExtResource("1_ktate")]
transform = Transform3D(0.290752, 0, 0.956798, 0, 1, 0, -0.956798, 0, 0.290752, 290.074, 0.0390215, 130.365)

[node name="Wall212" parent="." instance=ExtResource("1_ktate")]
transform = Transform3D(0.290752, 0, 0.956798, 0, 1, 0, -0.956798, 0, 0.290752, 302.561, 0.0390215, 123.584)

[node name="Wall213" parent="." instance=ExtResource("1_ktate")]
transform = Transform3D(0.290752, 0, 0.956798, 0, 1, 0, -0.956798, 0, 0.290752, 293.031, 0.0390215, 120.751)

[node name="Wall259" parent="." instance=ExtResource("1_ktate")]
transform = Transform3D(0.290752, 0, 0.956798, 0, 1, 0, -0.956798, 0, 0.290752, 309.351, 0.0390215, 136.019)

[node name="Wall255" parent="." instance=ExtResource("1_ktate")]
transform = Transform3D(0.290752, 0, 0.956798, 0, 1, 0, -0.956798, 0, 0.290752, 325.677, 0.0390215, 151.634)

[node name="Wall256" parent="." instance=ExtResource("1_ktate")]
transform = Transform3D(0.290752, 0, 0.956798, 0, 1, 0, -0.956798, 0, 0.290752, 328.561, 0.0390215, 142.013)

[node name="Wall257" parent="." instance=ExtResource("1_ktate")]
transform = Transform3D(0.290752, 0, 0.956798, 0, 1, 0, -0.956798, 0, 0.290752, 331.518, 0.0390215, 132.399)

[node name="Wall258" parent="." instance=ExtResource("1_ktate")]
transform = Transform3D(0.956798, 0, -0.290752, 0, 1, 0, 0.290752, 0, 0.956798, 311.797, 0.0390215, 110.787)

[node name="Wall260" parent="." instance=ExtResource("1_ktate")]
transform = Transform3D(0.956798, 0, -0.290752, 0, 1, 0, 0.290752, 0, 0.956798, 320.652, 0.0390215, 81.9042)

[node name="Wall261" parent="." instance=ExtResource("1_ktate")]
transform = Transform3D(0.956798, 0, -0.290752, 0, 1, 0, 0.290752, 0, 0.956798, 321.333, 0.0390215, 113.716)

[node name="Wall262" parent="." instance=ExtResource("1_ktate")]
transform = Transform3D(0.956798, 0, -0.290752, 0, 1, 0, 0.290752, 0, 0.956798, 330.189, 0.0390215, 84.8333)

[node name="Wall263" parent="." instance=ExtResource("1_ktate")]
transform = Transform3D(0.956798, 0, -0.290752, 0, 1, 0, 0.290752, 0, 0.956798, 330.938, 0.0390215, 116.645)

[node name="Wall264" parent="." instance=ExtResource("1_ktate")]
transform = Transform3D(0.956798, 0, -0.290752, 0, 1, 0, 0.290752, 0, 0.956798, 339.794, 0.0390215, 87.7624)

[node name="Wall265" parent="." instance=ExtResource("1_ktate")]
transform = Transform3D(0.290752, 0, 0.956798, 0, 1, 0, -0.956798, 0, 0.290752, 321.136, 0.0390215, 97.6676)

[node name="Wall266" parent="." instance=ExtResource("1_ktate")]
transform = Transform3D(0.290752, 0, 0.956798, 0, 1, 0, -0.956798, 0, 0.290752, 337.462, 0.0390215, 113.283)

[node name="Wall267" parent="." instance=ExtResource("1_ktate")]
transform = Transform3D(0.290752, 0, 0.956798, 0, 1, 0, -0.956798, 0, 0.290752, 340.346, 0.0390215, 103.662)

[node name="Wall268" parent="." instance=ExtResource("1_ktate")]
transform = Transform3D(0.290752, 0, 0.956798, 0, 1, 0, -0.956798, 0, 0.290752, 343.303, 0.0390215, 94.0484)

[node name="Wall269" parent="." instance=ExtResource("1_ktate")]
transform = Transform3D(0.956798, 0, -0.290752, 0, 1, 0, 0.290752, 0, 0.956798, 323.403, 0.0390215, 72.3012)

[node name="Wall270" parent="." instance=ExtResource("1_ktate")]
transform = Transform3D(0.956798, 0, -0.290752, 0, 1, 0, 0.290752, 0, 0.956798, 332.258, 0.0390215, 43.4188)

[node name="Wall271" parent="." instance=ExtResource("1_ktate")]
transform = Transform3D(0.956798, 0, -0.290752, 0, 1, 0, 0.290752, 0, 0.956798, 332.939, 0.0390215, 75.2304)

[node name="Wall272" parent="." instance=ExtResource("1_ktate")]
transform = Transform3D(0.956798, 0, -0.290752, 0, 1, 0, 0.290752, 0, 0.956798, 341.795, 0.0390215, 46.3479)

[node name="Wall273" parent="." instance=ExtResource("1_ktate")]
transform = Transform3D(0.956798, 0, -0.290752, 0, 1, 0, 0.290752, 0, 0.956798, 342.544, 0.0390215, 78.1595)

[node name="Wall274" parent="." instance=ExtResource("1_ktate")]
transform = Transform3D(0.956798, 0, -0.290752, 0, 1, 0, 0.290752, 0, 0.956798, 351.4, 0.0390215, 49.277)

[node name="Wall275" parent="." instance=ExtResource("1_ktate")]
transform = Transform3D(0.290752, 0, 0.956798, 0, 1, 0, -0.956798, 0, 0.290752, 332.742, 0.0390215, 59.1821)

[node name="Wall276" parent="." instance=ExtResource("1_ktate")]
transform = Transform3D(0.290752, 0, 0.956798, 0, 1, 0, -0.956798, 0, 0.290752, 349.068, 0.0390215, 74.7975)

[node name="Wall277" parent="." instance=ExtResource("1_ktate")]
transform = Transform3D(0.290752, 0, 0.956798, 0, 1, 0, -0.956798, 0, 0.290752, 351.952, 0.0390215, 65.1766)

[node name="Wall278" parent="." instance=ExtResource("1_ktate")]
transform = Transform3D(0.290752, 0, 0.956798, 0, 1, 0, -0.956798, 0, 0.290752, 354.909, 0.0390215, 55.5629)

[node name="Wall214" parent="." instance=ExtResource("1_ktate")]
transform = Transform3D(0.290752, 0, 0.956798, 0, 1, 0, -0.956798, 0, 0.290752, 305.48, 0.0390215, 113.969)

[node name="Wall215" parent="." instance=ExtResource("1_ktate")]
transform = Transform3D(0.290752, 0, 0.956798, 0, 1, 0, -0.956798, 0, 0.290752, 295.95, 0.0390215, 111.136)

[node name="Wall216" parent="." instance=ExtResource("1_ktate")]
transform = Transform3D(0.290752, 0, 0.956798, 0, 1, 0, -0.956798, 0, 0.290752, 308.359, 0.0390215, 104.497)

[node name="Wall217" parent="." instance=ExtResource("1_ktate")]
transform = Transform3D(0.290752, 0, 0.956798, 0, 1, 0, -0.956798, 0, 0.290752, 298.829, 0.0390215, 101.664)

[node name="Wall220" parent="." instance=ExtResource("1_ktate")]
transform = Transform3D(0.290752, 0, 0.956798, 0, 1, 0, -0.956798, 0, 0.290752, 314.235, 0.0390215, 85.2676)

[node name="Wall221" parent="." instance=ExtResource("1_ktate")]
transform = Transform3D(0.290752, 0, 0.956798, 0, 1, 0, -0.956798, 0, 0.290752, 304.705, 0.0390215, 82.4344)

[node name="Wall222" parent="." instance=ExtResource("1_ktate")]
transform = Transform3D(0.290752, 0, 0.956798, 0, 1, 0, -0.956798, 0, 0.290752, 317.119, 0.0390215, 75.6467)

[node name="Wall223" parent="." instance=ExtResource("1_ktate")]
transform = Transform3D(0.290752, 0, 0.956798, 0, 1, 0, -0.956798, 0, 0.290752, 307.589, 0.0390215, 72.8136)

[node name="Wall224" parent="." instance=ExtResource("1_ktate")]
transform = Transform3D(0.290752, 0, 0.956798, 0, 1, 0, -0.956798, 0, 0.290752, 320.076, 0.0390215, 66.0331)

[node name="Wall225" parent="." instance=ExtResource("1_ktate")]
transform = Transform3D(0.290752, 0, 0.956798, 0, 1, 0, -0.956798, 0, 0.290752, 310.546, 0.0390215, 63.1999)

[node name="Wall227" parent="." instance=ExtResource("1_ktate")]
transform = Transform3D(0.290752, 0, 0.956798, 0, 1, 0, -0.956798, 0, 0.290752, 313.465, 0.0390215, 53.5844)

[node name="Wall228" parent="." instance=ExtResource("1_ktate")]
transform = Transform3D(0.290752, 0, 0.956798, 0, 1, 0, -0.956798, 0, 0.290752, 325.884, 0.0390215, 47.0028)

[node name="Wall229" parent="." instance=ExtResource("1_ktate")]
transform = Transform3D(0.290752, 0, 0.956798, 0, 1, 0, -0.956798, 0, 0.290752, 316.355, 0.0390215, 44.1696)

[node name="Wall230" parent="." instance=ExtResource("1_ktate")]
transform = Transform3D(0.290752, 0, 0.956798, 0, 1, 0, -0.956798, 0, 0.290752, 328.842, 0.0390215, 37.3891)

[node name="Wall231" parent="." instance=ExtResource("1_ktate")]
transform = Transform3D(0.290752, 0, 0.956798, 0, 1, 0, -0.956798, 0, 0.290752, 319.312, 0.0390215, 34.5559)

[node name="Wall232" parent="." instance=ExtResource("1_ktate")]
transform = Transform3D(0.290752, 0, 0.956798, 0, 1, 0, -0.956798, 0, 0.290752, 331.761, 0.0390215, 27.7736)

[node name="Wall233" parent="." instance=ExtResource("1_ktate")]
transform = Transform3D(0.290752, 0, 0.956798, 0, 1, 0, -0.956798, 0, 0.290752, 322.231, 0.0390215, 24.9404)

[node name="Wall234" parent="." instance=ExtResource("1_ktate")]
transform = Transform3D(0.290752, 0, 0.956798, 0, 1, 0, -0.956798, 0, 0.290752, 334.645, 0.0390215, 18.1527)

[node name="Wall235" parent="." instance=ExtResource("1_ktate")]
transform = Transform3D(0.290752, 0, 0.956798, 0, 1, 0, -0.956798, 0, 0.290752, 325.115, 0.0390215, 15.3196)

[node name="Wall236" parent="." instance=ExtResource("1_ktate")]
transform = Transform3D(0.290752, 0, 0.956798, 0, 1, 0, -0.956798, 0, 0.290752, 337.602, 0.0390215, 8.53905)

[node name="Wall237" parent="." instance=ExtResource("1_ktate")]
transform = Transform3D(0.290752, 0, 0.956798, 0, 1, 0, -0.956798, 0, 0.290752, 328.072, 0.0390215, 5.70589)

[node name="Wall238" parent="." instance=ExtResource("1_ktate")]
transform = Transform3D(0.290752, 0, 0.956798, 0, 1, 0, -0.956798, 0, 0.290752, 340.521, 0.0390215, -1.07647)

[node name="Wall239" parent="." instance=ExtResource("1_ktate")]
transform = Transform3D(0.290752, 0, 0.956798, 0, 1, 0, -0.956798, 0, 0.290752, 330.991, 0.0390215, -3.90963)

[node name="Wall279" parent="." instance=ExtResource("1_ktate")]
transform = Transform3D(-0.956798, 0, 0.290752, 0, 1, 0, -0.290752, 0, -0.956798, 298.326, 0.0390215, 85.8434)

[node name="Wall280" parent="." instance=ExtResource("1_ktate")]
transform = Transform3D(-0.956798, 0, 0.290752, 0, 1, 0, -0.290752, 0, -0.956798, 295.493, 0.0390215, 95.3731)

[node name="Wall281" parent="." instance=ExtResource("1_ktate")]
transform = Transform3D(-0.956798, 0, 0.290752, 0, 1, 0, -0.290752, 0, -0.956798, 288.706, 0.0390215, 82.9594)

[node name="Wall282" parent="." instance=ExtResource("1_ktate")]
transform = Transform3D(-0.956798, 0, 0.290752, 0, 1, 0, -0.290752, 0, -0.956798, 285.872, 0.0390215, 92.4891)

[node name="Wall283" parent="." instance=ExtResource("1_ktate")]
transform = Transform3D(-0.956798, 0, 0.290752, 0, 1, 0, -0.290752, 0, -0.956798, 279.092, 0.0390215, 80.0023)

[node name="Wall284" parent="." instance=ExtResource("1_ktate")]
transform = Transform3D(-0.956798, 0, 0.290752, 0, 1, 0, -0.290752, 0, -0.956798, 276.259, 0.0390215, 89.532)

[node name="Wall285" parent="." instance=ExtResource("1_ktate")]
transform = Transform3D(-0.956798, 0, 0.290752, 0, 1, 0, -0.290752, 0, -0.956798, 269.476, 0.0390215, 77.0833)

[node name="Wall286" parent="." instance=ExtResource("1_ktate")]
transform = Transform3D(-0.956798, 0, 0.290752, 0, 1, 0, -0.290752, 0, -0.956798, 266.643, 0.0390215, 86.613)

[node name="Wall287" parent="." instance=ExtResource("1_ktate")]
transform = Transform3D(-0.956798, 0, 0.290752, 0, 1, 0, -0.290752, 0, -0.956798, 317.218, 0.0390215, -45.0534)

[node name="Wall288" parent="." instance=ExtResource("1_ktate")]
transform = Transform3D(-0.956798, 0, 0.290752, 0, 1, 0, -0.290752, 0, -0.956798, 314.385, 0.0390215, -35.5237)

[node name="Wall289" parent="." instance=ExtResource("1_ktate")]
transform = Transform3D(-0.956798, 0, 0.290752, 0, 1, 0, -0.290752, 0, -0.956798, 307.597, 0.0390215, -47.9375)

[node name="Wall290" parent="." instance=ExtResource("1_ktate")]
transform = Transform3D(-0.956798, 0, 0.290752, 0, 1, 0, -0.290752, 0, -0.956798, 304.764, 0.0390215, -38.4078)

[node name="Wall291" parent="." instance=ExtResource("1_ktate")]
transform = Transform3D(-0.956798, 0, 0.290752, 0, 1, 0, -0.290752, 0, -0.956798, 297.984, 0.0390215, -50.8945)

[node name="Wall292" parent="." instance=ExtResource("1_ktate")]
transform = Transform3D(-0.956798, 0, 0.290752, 0, 1, 0, -0.290752, 0, -0.956798, 295.151, 0.0390215, -41.3648)

[node name="Wall293" parent="." instance=ExtResource("1_ktate")]
transform = Transform3D(-0.956798, 0, 0.290752, 0, 1, 0, -0.290752, 0, -0.956798, 288.368, 0.0390215, -53.8135)

[node name="Wall294" parent="." instance=ExtResource("1_ktate")]
transform = Transform3D(-0.956798, 0, 0.290752, 0, 1, 0, -0.290752, 0, -0.956798, 285.535, 0.0390215, -44.2838)

[node name="Wall295" parent="." instance=ExtResource("1_ktate")]
transform = Transform3D(-0.956798, 0, 0.290752, 0, 1, 0, -0.290752, 0, -0.956798, 278.619, 0.0390215, -56.772)

[node name="Wall296" parent="." instance=ExtResource("1_ktate")]
transform = Transform3D(-0.956798, 0, 0.290752, 0, 1, 0, -0.290752, 0, -0.956798, 275.786, 0.0390215, -47.2423)

[node name="Wall297" parent="." instance=ExtResource("1_ktate")]
transform = Transform3D(-0.956798, 0, 0.290752, 0, 1, 0, -0.290752, 0, -0.956798, 268.999, 0.0390215, -59.6561)

[node name="Wall298" parent="." instance=ExtResource("1_ktate")]
transform = Transform3D(-0.956798, 0, 0.290752, 0, 1, 0, -0.290752, 0, -0.956798, 266.165, 0.0390215, -50.1264)

[node name="Wall299" parent="." instance=ExtResource("1_ktate")]
transform = Transform3D(-0.956798, 0, 0.290752, 0, 1, 0, -0.290752, 0, -0.956798, 259.385, 0.0390215, -62.6131)

[node name="Wall300" parent="." instance=ExtResource("1_ktate")]
transform = Transform3D(-0.956798, 0, 0.290752, 0, 1, 0, -0.290752, 0, -0.956798, 256.552, 0.0390215, -53.0835)

[node name="Wall301" parent="." instance=ExtResource("1_ktate")]
transform = Transform3D(-0.956798, 0, 0.290752, 0, 1, 0, -0.290752, 0, -0.956798, 249.769, 0.0390215, -65.5322)

[node name="Wall302" parent="." instance=ExtResource("1_ktate")]
transform = Transform3D(-0.956798, 0, 0.290752, 0, 1, 0, -0.290752, 0, -0.956798, 246.936, 0.0390215, -56.0025)

[node name="Wall303" parent="." instance=ExtResource("1_ktate")]
transform = Transform3D(-0.956798, 0, 0.290752, 0, 1, 0, -0.290752, 0, -0.956798, 240.237, 0.0390215, -68.4282)

[node name="Wall304" parent="." instance=ExtResource("1_ktate")]
transform = Transform3D(-0.956798, 0, 0.290752, 0, 1, 0, -0.290752, 0, -0.956798, 237.404, 0.0390215, -58.8985)

[node name="Wall305" parent="." instance=ExtResource("1_ktate")]
transform = Transform3D(-0.956798, 0, 0.290752, 0, 1, 0, -0.290752, 0, -0.956798, 230.616, 0.0390215, -71.3122)

[node name="Wall306" parent="." instance=ExtResource("1_ktate")]
transform = Transform3D(-0.956798, 0, 0.290752, 0, 1, 0, -0.290752, 0, -0.956798, 227.783, 0.0390215, -61.7825)

[node name="Wall307" parent="." instance=ExtResource("1_ktate")]
transform = Transform3D(-0.956798, 0, 0.290752, 0, 1, 0, -0.290752, 0, -0.956798, 221.003, 0.0390215, -74.2693)

[node name="Wall308" parent="." instance=ExtResource("1_ktate")]
transform = Transform3D(-0.956798, 0, 0.290752, 0, 1, 0, -0.290752, 0, -0.956798, 218.17, 0.0390215, -64.7396)

[node name="Wall309" parent="." instance=ExtResource("1_ktate")]
transform = Transform3D(-0.956798, 0, 0.290752, 0, 1, 0, -0.290752, 0, -0.956798, 211.387, 0.0390215, -77.1883)

[node name="Wall310" parent="." instance=ExtResource("1_ktate")]
transform = Transform3D(-0.956798, 0, 0.290752, 0, 1, 0, -0.290752, 0, -0.956798, 208.554, 0.0390215, -67.6586)

[node name="Wall311" parent="." instance=ExtResource("1_ktate")]
transform = Transform3D(-0.956798, 0, 0.290752, 0, 1, 0, -0.290752, 0, -0.956798, 201.748, 0.0390215, -80.0681)

[node name="Wall313" parent="." instance=ExtResource("1_ktate")]
transform = Transform3D(-0.956798, 0, 0.290752, 0, 1, 0, -0.290752, 0, -0.956798, 192.127, 0.0390215, -82.9521)

[node name="Wall314" parent="." instance=ExtResource("1_ktate")]
transform = Transform3D(-0.956798, 0, 0.290752, 0, 1, 0, -0.290752, 0, -0.956798, 189.294, 0.0390215, -73.4224)

[node name="Wall315" parent="." instance=ExtResource("1_ktate")]
transform = Transform3D(-0.956798, 0, 0.290752, 0, 1, 0, -0.290752, 0, -0.956798, 182.514, 0.0390215, -85.9092)

[node name="Wall316" parent="." instance=ExtResource("1_ktate")]
transform = Transform3D(-0.956798, 0, 0.290752, 0, 1, 0, -0.290752, 0, -0.956798, 179.68, 0.0390215, -76.3795)

[node name="Wall317" parent="." instance=ExtResource("1_ktate")]
transform = Transform3D(-0.956798, 0, 0.290752, 0, 1, 0, -0.290752, 0, -0.956798, 172.898, 0.0390215, -88.8282)

[node name="Wall318" parent="." instance=ExtResource("1_ktate")]
transform = Transform3D(-0.956798, 0, 0.290752, 0, 1, 0, -0.290752, 0, -0.956798, 170.065, 0.0390215, -79.2985)

[node name="Wall319" parent="." instance=ExtResource("1_ktate")]
transform = Transform3D(-0.956798, 0, 0.290752, 0, 1, 0, -0.290752, 0, -0.956798, 163.292, 0.0390215, -91.8273)

[node name="Wall320" parent="." instance=ExtResource("1_ktate")]
transform = Transform3D(-0.956798, 0, 0.290752, 0, 1, 0, -0.290752, 0, -0.956798, 160.459, 0.0390215, -82.2976)

[node name="Wall321" parent="." instance=ExtResource("1_ktate")]
transform = Transform3D(-0.956798, 0, 0.290752, 0, 1, 0, -0.290752, 0, -0.956798, 153.671, 0.0390215, -94.7113)

[node name="Wall322" parent="." instance=ExtResource("1_ktate")]
transform = Transform3D(-0.956798, 0, 0.290752, 0, 1, 0, -0.290752, 0, -0.956798, 150.838, 0.0390215, -85.1816)

[node name="Wall323" parent="." instance=ExtResource("1_ktate")]
transform = Transform3D(-0.956798, 0, 0.290752, 0, 1, 0, -0.290752, 0, -0.956798, 144.058, 0.0390215, -97.6684)

[node name="Wall324" parent="." instance=ExtResource("1_ktate")]
transform = Transform3D(-0.956798, 0, 0.290752, 0, 1, 0, -0.290752, 0, -0.956798, 141.225, 0.0390215, -88.1387)

[node name="Wall325" parent="." instance=ExtResource("1_ktate")]
transform = Transform3D(-0.956798, 0, 0.290752, 0, 1, 0, -0.290752, 0, -0.956798, 134.442, 0.0390215, -100.587)

[node name="Wall326" parent="." instance=ExtResource("1_ktate")]
transform = Transform3D(-0.956798, 0, 0.290752, 0, 1, 0, -0.290752, 0, -0.956798, 131.609, 0.0390215, -91.0577)

[node name="Wall327" parent="." instance=ExtResource("1_ktate")]
transform = Transform3D(-0.956798, 0, 0.290752, 0, 1, 0, -0.290752, 0, -0.956798, 124.739, 0.0390215, -103.594)

[node name="Wall328" parent="." instance=ExtResource("1_ktate")]
transform = Transform3D(-0.956798, 0, 0.290752, 0, 1, 0, -0.290752, 0, -0.956798, 121.906, 0.0390215, -94.0639)

[node name="Wall329" parent="." instance=ExtResource("1_ktate")]
transform = Transform3D(-0.956798, 0, 0.290752, 0, 1, 0, -0.290752, 0, -0.956798, 115.118, 0.0390215, -106.478)

[node name="Wall330" parent="." instance=ExtResource("1_ktate")]
transform = Transform3D(-0.956798, 0, 0.290752, 0, 1, 0, -0.290752, 0, -0.956798, 112.285, 0.0390215, -96.9479)

[node name="Wall331" parent="." instance=ExtResource("1_ktate")]
transform = Transform3D(-0.956798, 0, 0.290752, 0, 1, 0, -0.290752, 0, -0.956798, 105.504, 0.0390215, -109.435)

[node name="Wall332" parent="." instance=ExtResource("1_ktate")]
transform = Transform3D(-0.956798, 0, 0.290752, 0, 1, 0, -0.290752, 0, -0.956798, 102.671, 0.0390215, -99.905)

