[gd_scene load_steps=9 format=3 uid="uid://ccl3rym3gjsho"]

[ext_resource type="PackedScene" uid="uid://dabw2ps645n3k" path="res://character.tscn" id="1_k31ka"]
[ext_resource type="PackedScene" uid="uid://cvf1gervynwre" path="res://tree.tscn" id="2_ueqws"]
[ext_resource type="PackedScene" uid="uid://dmu3ymv318wkt" path="res://grass.tscn" id="3_pcvs0"]

[sub_resource type="BoxShape3D" id="BoxShape3D_jfbhr"]
size = Vector3(100, 0.1, 100)

[sub_resource type="PlaneMesh" id="PlaneMesh_b040w"]

[sub_resource type="FastNoiseLite" id="FastNoiseLite_heq78"]

[sub_resource type="NoiseTexture2D" id="NoiseTexture2D_nkymg"]
noise = SubResource("FastNoiseLite_heq78")

[sub_resource type="StandardMaterial3D" id="StandardMaterial3D_vwupw"]
albedo_texture = SubResource("NoiseTexture2D_nkymg")

[node name="Testmap" type="Node3D"]

[node name="Node3D" parent="." instance=ExtResource("1_k31ka")]
transform = Transform3D(1, 0, 0, 0, 1, 0, 0, 0, 1, 0, 3.42265, 0)

[node name="StaticBody3D" type="StaticBody3D" parent="."]

[node name="CollisionShape3D" type="CollisionShape3D" parent="StaticBody3D"]
shape = SubResource("BoxShape3D_jfbhr")

[node name="CSGMesh3D" type="CSGMesh3D" parent="StaticBody3D"]
transform = Transform3D(50, 0, 0, 0, 1, 0, 0, 0, 50, 0, 0.1, 0)
mesh = SubResource("PlaneMesh_b040w")
material = SubResource("StandardMaterial3D_vwupw")

[node name="projectiles" type="Node3D" parent="."]

[node name="trees" type="Node3D" parent="."]
transform = Transform3D(-4.37114e-08, 0, -1, 0, 1, 0, 1, 0, -4.37114e-08, 0, -0.61842, 0)

[node name="Tree" parent="trees" instance=ExtResource("2_ueqws")]
transform = Transform3D(-0.281287, 0, -0.959624, 0, 1, 0, 0.959624, 0, -0.281287, -4.50431, 0.575036, -10.1502)

[node name="Tree2" parent="trees" instance=ExtResource("2_ueqws")]
transform = Transform3D(0.440535, 0, -0.897736, 0, 1, 0, 0.897736, 0, 0.440535, -1.82224, 0.708564, 0.304658)

[node name="Tree3" parent="trees" instance=ExtResource("2_ueqws")]
transform = Transform3D(-0.281287, 0, -0.959624, 0, 1, 0, 0.959624, 0, -0.281287, -8.52726, 0.594201, -2.20427)

[node name="Tree4" parent="trees" instance=ExtResource("2_ueqws")]
transform = Transform3D(0.440535, 0, -0.897736, 0, 1, 0, 0.897736, 0, 0.440535, -5.84519, 0.727729, 8.25056)

[node name="Grass" parent="." instance=ExtResource("3_pcvs0")]
transform = Transform3D(1, 0, 0, 0, 1, 0, 0, 0, 1, 0, 0.197886, 0)

[node name="grass" type="Node3D" parent="Grass"]
transform = Transform3D(1, 0, 0, 0, 1, 0, 0, 0, 1, 0, -0.104915, 0)

[node name="Grass2" parent="Grass" instance=ExtResource("3_pcvs0")]
transform = Transform3D(1, 0, 0, 0, 1, 0, 0, 0, 1, -2.29939, -0.00462934, -0.627508)

[node name="Grass3" parent="Grass" instance=ExtResource("3_pcvs0")]
transform = Transform3D(1, 0, 0, 0, 1, 0, 0, 0, 1, 2.01193, -0.00462934, -3.89435)

[node name="Grass4" parent="Grass" instance=ExtResource("3_pcvs0")]
transform = Transform3D(1, 0, 0, 0, 1, 0, 0, 0, 1, -2.96459, -0.00462934, -3.7701)

[node name="Grass5" parent="Grass" instance=ExtResource("3_pcvs0")]
transform = Transform3D(1, 0, 0, 0, 1, 0, 0, 0, 1, 3.43013, -0.00462934, -0.614181)
